1.050000000000000044e+00,1.000000000000000000e+00,1.000000000000000000e+00,-3.995738791953334368e-01
1.050000000000000044e+00,1.000000000000000000e+00,3.666666666666666519e+00,-1.544679480081778022e+00
1.050000000000000044e+00,1.000000000000000000e+00,6.333333333333333037e+00,-6.949861126073068052e-01
1.050000000000000044e+00,1.000000000000000000e+00,9.000000000000000000e+00,-2.514236326053782486e-02
3.049999999999999822e+00,1.000000000000000000e+00,1.000000000000000000e+00,-7.178112601701825968e-01
3.049999999999999822e+00,1.000000000000000000e+00,3.666666666666666519e+00,-2.622732685163313260e+00
3.049999999999999822e+00,1.000000000000000000e+00,6.333333333333333037e+00,5.759932232821760589e-01
3.049999999999999822e+00,1.000000000000000000e+00,9.000000000000000000e+00,1.406254979083864320e+00
5.049999999999999822e+00,1.000000000000000000e+00,1.000000000000000000e+00,2.092983797060344875e-01
5.049999999999999822e+00,1.000000000000000000e+00,3.666666666666666519e+00,-8.391811889040134975e-01
5.049999999999999822e+00,1.000000000000000000e+00,6.333333333333333037e+00,2.777011539100300741e+00
5.049999999999999822e+00,1.000000000000000000e+00,9.000000000000000000e+00,3.374221731206577868e+00
7.049999999999999822e+00,1.000000000000000000e+00,1.000000000000000000e+00,9.664503235028262251e-01
7.049999999999999822e+00,1.000000000000000000e+00,3.666666666666666519e+00,2.615259481618916193e-01
7.049999999999999822e+00,1.000000000000000000e+00,6.333333333333333037e+00,3.242425096898616577e+00
7.049999999999999822e+00,1.000000000000000000e+00,9.000000000000000000e+00,5.389491414332061581e+00
9.050000000000000711e+00,1.000000000000000000e+00,1.000000000000000000e+00,2.929264693905102579e-01
9.050000000000000711e+00,1.000000000000000000e+00,3.666666666666666519e+00,-2.004387163889267132e-01
9.050000000000000711e+00,1.000000000000000000e+00,6.333333333333333037e+00,9.223861413104733620e-01
9.050000000000000711e+00,1.000000000000000000e+00,9.000000000000000000e+00,4.021955790626119409e+00
1.050000000000000044e+00,3.666666666666666519e+00,1.000000000000000000e+00,5.138311475511098125e-01
1.050000000000000044e+00,3.666666666666666519e+00,3.666666666666666519e+00,-1.114724784208931174e+00
1.050000000000000044e+00,3.666666666666666519e+00,6.333333333333333037e+00,3.358278591267854774e-01
1.050000000000000044e+00,3.666666666666666519e+00,9.000000000000000000e+00,3.835112685083711392e-01
3.049999999999999822e+00,3.666666666666666519e+00,1.000000000000000000e+00,6.223629423048454568e-01
3.049999999999999822e+00,3.666666666666666519e+00,3.666666666666666519e+00,-1.574049087770233779e+00
3.049999999999999822e+00,3.666666666666666519e+00,6.333333333333333037e+00,2.143318558723240397e+00
3.049999999999999822e+00,3.666666666666666519e+00,9.000000000000000000e+00,3.138717191912632209e+00
5.049999999999999822e+00,3.666666666666666519e+00,1.000000000000000000e+00,1.192560303629438545e+00
5.049999999999999822e+00,3.666666666666666519e+00,3.666666666666666519e+00,-6.726140417593091947e-02
5.049999999999999822e+00,3.666666666666666519e+00,6.333333333333333037e+00,2.827454322355283711e+00
5.049999999999999822e+00,3.666666666666666519e+00,9.000000000000000000e+00,4.376251059073293703e+00
7.049999999999999822e+00,3.666666666666666519e+00,1.000000000000000000e+00,1.009014743298151773e+00
7.049999999999999822e+00,3.666666666666666519e+00,3.666666666666666519e+00,7.050225520472165330e-01
7.049999999999999822e+00,3.666666666666666519e+00,6.333333333333333037e+00,1.736683232465310533e+00
7.049999999999999822e+00,3.666666666666666519e+00,9.000000000000000000e+00,2.484711063304301248e+00
9.050000000000000711e+00,3.666666666666666519e+00,1.000000000000000000e+00,-4.497559939739365631e-01
9.050000000000000711e+00,3.666666666666666519e+00,3.666666666666666519e+00,-3.937916456119470721e-01
9.050000000000000711e+00,3.666666666666666519e+00,6.333333333333333037e+00,-6.268408589198881664e-01
9.050000000000000711e+00,3.666666666666666519e+00,9.000000000000000000e+00,-5.275418613450104655e-01
1.050000000000000044e+00,6.333333333333333037e+00,1.000000000000000000e+00,1.956621058223374510e-01
1.050000000000000044e+00,6.333333333333333037e+00,3.666666666666666519e+00,-7.631473398037331712e-01
1.050000000000000044e+00,6.333333333333333037e+00,6.333333333333333037e+00,8.189373889386540872e-01
1.050000000000000044e+00,6.333333333333333037e+00,9.000000000000000000e+00,5.306915167540985356e-01
3.049999999999999822e+00,6.333333333333333037e+00,1.000000000000000000e+00,-5.228417179642212975e-01
3.049999999999999822e+00,6.333333333333333037e+00,3.666666666666666519e+00,-1.780746360709616782e+00
3.049999999999999822e+00,6.333333333333333037e+00,6.333333333333333037e+00,9.307394624336099431e-01
3.049999999999999822e+00,6.333333333333333037e+00,9.000000000000000000e+00,2.713992006319608130e+00
5.049999999999999822e+00,6.333333333333333037e+00,1.000000000000000000e+00,-3.287402675188700329e-01
5.049999999999999822e+00,6.333333333333333037e+00,3.666666666666666519e+00,-1.065069384340476377e+00
5.049999999999999822e+00,6.333333333333333037e+00,6.333333333333333037e+00,3.829569103038386046e-01
5.049999999999999822e+00,6.333333333333333037e+00,9.000000000000000000e+00,1.964463622333137094e+00
7.049999999999999822e+00,6.333333333333333037e+00,1.000000000000000000e+00,1.865922205592959460e-01
7.049999999999999822e+00,6.333333333333333037e+00,3.666666666666666519e+00,5.291889734342730689e-01
7.049999999999999822e+00,6.333333333333333037e+00,6.333333333333333037e+00,1.638158137467026487e-01
7.049999999999999822e+00,6.333333333333333037e+00,9.000000000000000000e+00,-1.998986595977664926e+00
9.050000000000000711e+00,6.333333333333333037e+00,1.000000000000000000e+00,1.426188348953157936e-01
9.050000000000000711e+00,6.333333333333333037e+00,3.666666666666666519e+00,1.344724839510249015e-01
9.050000000000000711e+00,6.333333333333333037e+00,6.333333333333333037e+00,-6.937704378653750670e-01
9.050000000000000711e+00,6.333333333333333037e+00,9.000000000000000000e+00,-3.751116305171267484e+00
1.050000000000000044e+00,9.000000000000000000e+00,1.000000000000000000e+00,-1.829596258952221888e-01
1.050000000000000044e+00,9.000000000000000000e+00,3.666666666666666519e+00,-8.595848529799224869e-01
1.050000000000000044e+00,9.000000000000000000e+00,6.333333333333333037e+00,-4.447028152717440452e-01
1.050000000000000044e+00,9.000000000000000000e+00,9.000000000000000000e+00,-1.940982732474013650e-01
3.049999999999999822e+00,9.000000000000000000e+00,1.000000000000000000e+00,-1.312288510451101287e+00
3.049999999999999822e+00,9.000000000000000000e+00,3.666666666666666519e+00,-1.807336135358178941e+00
3.049999999999999822e+00,9.000000000000000000e+00,6.333333333333333037e+00,-1.622997135212202569e+00
3.049999999999999822e+00,9.000000000000000000e+00,9.000000000000000000e+00,-4.498315684404611270e-01
5.049999999999999822e+00,9.000000000000000000e+00,1.000000000000000000e+00,-1.979878771757631384e+00
5.049999999999999822e+00,9.000000000000000000e+00,3.666666666666666519e+00,-2.086572968955904273e+00
5.049999999999999822e+00,9.000000000000000000e+00,6.333333333333333037e+00,-1.917271217217965784e+00
5.049999999999999822e+00,9.000000000000000000e+00,9.000000000000000000e+00,-1.451026826539261849e+00
7.049999999999999822e+00,9.000000000000000000e+00,1.000000000000000000e+00,-8.505801100782923729e-01
7.049999999999999822e+00,9.000000000000000000e+00,3.666666666666666519e+00,-2.460581106774931137e-01
7.049999999999999822e+00,9.000000000000000000e+00,6.333333333333333037e+00,-6.956493033811103066e-01
7.049999999999999822e+00,9.000000000000000000e+00,9.000000000000000000e+00,-3.676397087025035315e+00
9.050000000000000711e+00,9.000000000000000000e+00,1.000000000000000000e+00,4.061016708589328950e-01
9.050000000000000711e+00,9.000000000000000000e+00,3.666666666666666519e+00,1.917502093528259122e-01
9.050000000000000711e+00,9.000000000000000000e+00,6.333333333333333037e+00,-3.046266683653563456e-01
9.050000000000000711e+00,9.000000000000000000e+00,9.000000000000000000e+00,-3.631960343307206074e+00
