1.050000000000000044e+00,1.000000000000000000e+00,1.000000000000000000e+00,-4.409968630514395360e-01
1.050000000000000044e+00,1.000000000000000000e+00,3.666666666666666519e+00,-4.293225259899683399e-01
1.050000000000000044e+00,1.000000000000000000e+00,6.333333333333333037e+00,7.139459563000893905e-02
1.050000000000000044e+00,1.000000000000000000e+00,9.000000000000000000e+00,8.324478998450653977e-01
3.049999999999999822e+00,1.000000000000000000e+00,1.000000000000000000e+00,-1.222753802925469646e+00
3.049999999999999822e+00,1.000000000000000000e+00,3.666666666666666519e+00,-2.483177608945262627e+00
3.049999999999999822e+00,1.000000000000000000e+00,6.333333333333333037e+00,4.009838733453512938e-01
3.049999999999999822e+00,1.000000000000000000e+00,9.000000000000000000e+00,2.415885260768728671e+00
5.049999999999999822e+00,1.000000000000000000e+00,1.000000000000000000e+00,-2.104299977653991238e+00
5.049999999999999822e+00,1.000000000000000000e+00,3.666666666666666519e+00,-5.424068679027141293e+00
5.049999999999999822e+00,1.000000000000000000e+00,6.333333333333333037e+00,5.978219991328017832e-03
5.049999999999999822e+00,1.000000000000000000e+00,9.000000000000000000e+00,5.245847752686097820e+00
7.049999999999999822e+00,1.000000000000000000e+00,1.000000000000000000e+00,-3.188039736167580074e+00
7.049999999999999822e+00,1.000000000000000000e+00,3.666666666666666519e+00,-6.501273829438962260e+00
7.049999999999999822e+00,1.000000000000000000e+00,6.333333333333333037e+00,9.898608183070494171e-01
7.049999999999999822e+00,1.000000000000000000e+00,9.000000000000000000e+00,9.189663488642056066e+00
9.050000000000000711e+00,1.000000000000000000e+00,1.000000000000000000e+00,-2.716320127925775374e+00
9.050000000000000711e+00,1.000000000000000000e+00,3.666666666666666519e+00,-4.991965368089632094e+00
9.050000000000000711e+00,1.000000000000000000e+00,6.333333333333333037e+00,3.278598140006799166e+00
9.050000000000000711e+00,1.000000000000000000e+00,9.000000000000000000e+00,9.735176958776822431e+00
1.050000000000000044e+00,3.666666666666666519e+00,1.000000000000000000e+00,-3.622538523199592686e-01
1.050000000000000044e+00,3.666666666666666519e+00,3.666666666666666519e+00,1.903907843637271113e-01
1.050000000000000044e+00,3.666666666666666519e+00,6.333333333333333037e+00,1.432191364025930724e+00
1.050000000000000044e+00,3.666666666666666519e+00,9.000000000000000000e+00,4.303938641957956168e-01
3.049999999999999822e+00,3.666666666666666519e+00,1.000000000000000000e+00,-1.961735527603218676e+00
3.049999999999999822e+00,3.666666666666666519e+00,3.666666666666666519e+00,8.717703024953991076e-01
3.049999999999999822e+00,3.666666666666666519e+00,6.333333333333333037e+00,5.124283041512257775e+00
3.049999999999999822e+00,3.666666666666666519e+00,9.000000000000000000e+00,1.061013498368000629e+00
5.049999999999999822e+00,3.666666666666666519e+00,1.000000000000000000e+00,-2.058971424056998512e+00
5.049999999999999822e+00,3.666666666666666519e+00,3.666666666666666519e+00,1.308208326588081949e+00
5.049999999999999822e+00,3.666666666666666519e+00,6.333333333333333037e+00,8.697180674889917640e+00
5.049999999999999822e+00,3.666666666666666519e+00,9.000000000000000000e+00,3.245942471140748964e+00
7.049999999999999822e+00,3.666666666666666519e+00,1.000000000000000000e+00,-9.823660962083348158e-01
7.049999999999999822e+00,3.666666666666666519e+00,3.666666666666666519e+00,1.319417973741309869e+00
7.049999999999999822e+00,3.666666666666666519e+00,6.333333333333333037e+00,1.041598549371718363e+01
7.049999999999999822e+00,3.666666666666666519e+00,9.000000000000000000e+00,4.700759593190628749e+00
9.050000000000000711e+00,3.666666666666666519e+00,1.000000000000000000e+00,6.187680564424292706e-01
9.050000000000000711e+00,3.666666666666666519e+00,3.666666666666666519e+00,2.163438133514403727e+00
9.050000000000000711e+00,3.666666666666666519e+00,6.333333333333333037e+00,1.020792532276491826e+01
9.050000000000000711e+00,3.666666666666666519e+00,9.000000000000000000e+00,3.321606927975832235e+00
1.050000000000000044e+00,6.333333333333333037e+00,1.000000000000000000e+00,-1.342204242482001986e+00
1.050000000000000044e+00,6.333333333333333037e+00,3.666666666666666519e+00,2.912507925820577714e-01
1.050000000000000044e+00,6.333333333333333037e+00,6.333333333333333037e+00,1.392052185309592405e+00
1.050000000000000044e+00,6.333333333333333037e+00,9.000000000000000000e+00,5.658085041306111229e-01
3.049999999999999822e+00,6.333333333333333037e+00,1.000000000000000000e+00,-5.312731163909297116e+00
3.049999999999999822e+00,6.333333333333333037e+00,3.666666666666666519e+00,1.387316617377490902e+00
3.049999999999999822e+00,6.333333333333333037e+00,6.333333333333333037e+00,5.410552874603046014e+00
3.049999999999999822e+00,6.333333333333333037e+00,9.000000000000000000e+00,1.035732184140994772e+00
5.049999999999999822e+00,6.333333333333333037e+00,1.000000000000000000e+00,-7.547652388657835054e+00
5.049999999999999822e+00,6.333333333333333037e+00,3.666666666666666519e+00,2.827307649654776878e+00
5.049999999999999822e+00,6.333333333333333037e+00,6.333333333333333037e+00,1.104924447123457298e+01
5.049999999999999822e+00,6.333333333333333037e+00,9.000000000000000000e+00,2.016405617475440337e+00
7.049999999999999822e+00,6.333333333333333037e+00,1.000000000000000000e+00,-7.243069383717851473e+00
7.049999999999999822e+00,6.333333333333333037e+00,3.666666666666666519e+00,1.526368639164062735e+00
7.049999999999999822e+00,6.333333333333333037e+00,6.333333333333333037e+00,1.334046352178061312e+01
7.049999999999999822e+00,6.333333333333333037e+00,9.000000000000000000e+00,3.253900753612842145e+00
9.050000000000000711e+00,6.333333333333333037e+00,1.000000000000000000e+00,-5.558276572711417174e+00
9.050000000000000711e+00,6.333333333333333037e+00,3.666666666666666519e+00,1.883184559994921736e+00
9.050000000000000711e+00,6.333333333333333037e+00,6.333333333333333037e+00,1.302977980652685908e+01
9.050000000000000711e+00,6.333333333333333037e+00,9.000000000000000000e+00,1.931665016498533616e+00
1.050000000000000044e+00,9.000000000000000000e+00,1.000000000000000000e+00,1.769363622502791999e-01
1.050000000000000044e+00,9.000000000000000000e+00,3.666666666666666519e+00,3.798942552807287321e-01
1.050000000000000044e+00,9.000000000000000000e+00,6.333333333333333037e+00,-5.021497670078673980e-01
1.050000000000000044e+00,9.000000000000000000e+00,9.000000000000000000e+00,-1.014186378340147021e+00
3.049999999999999822e+00,9.000000000000000000e+00,1.000000000000000000e+00,6.478817861287133884e-01
3.049999999999999822e+00,9.000000000000000000e+00,3.666666666666666519e+00,9.400374305437624034e-02
3.049999999999999822e+00,9.000000000000000000e+00,6.333333333333333037e+00,-1.246315753542731608e+00
3.049999999999999822e+00,9.000000000000000000e+00,9.000000000000000000e+00,-3.002129962248364148e+00
5.049999999999999822e+00,9.000000000000000000e+00,1.000000000000000000e+00,3.613413826937359463e-01
5.049999999999999822e+00,9.000000000000000000e+00,3.666666666666666519e+00,-1.041399825011542157e+00
5.049999999999999822e+00,9.000000000000000000e+00,6.333333333333333037e+00,-8.681685846883308022e-03
5.049999999999999822e+00,9.000000000000000000e+00,9.000000000000000000e+00,-5.150255631345808105e+00
7.049999999999999822e+00,9.000000000000000000e+00,1.000000000000000000e+00,-1.066652441878356505e+00
7.049999999999999822e+00,9.000000000000000000e+00,3.666666666666666519e+00,-3.246933416220886048e+00
7.049999999999999822e+00,9.000000000000000000e+00,6.333333333333333037e+00,2.586036750325442224e+00
7.049999999999999822e+00,9.000000000000000000e+00,9.000000000000000000e+00,-4.670471379973149872e+00
9.050000000000000711e+00,9.000000000000000000e+00,1.000000000000000000e+00,-1.993445735608516234e+00
9.050000000000000711e+00,9.000000000000000000e+00,3.666666666666666519e+00,-4.055852366678893262e+00
9.050000000000000711e+00,9.000000000000000000e+00,6.333333333333333037e+00,3.250109635267199870e+00
9.050000000000000711e+00,9.000000000000000000e+00,9.000000000000000000e+00,-3.835807355703640731e+00
