1.050000000000000044e+00,1.000000000000000000e+00,1.000000000000000000e+00,-6.236637446913355642e-01
1.050000000000000044e+00,1.000000000000000000e+00,3.666666666666666519e+00,-6.071537388872890739e-01
1.050000000000000044e+00,1.000000000000000000e+00,6.333333333333333037e+00,1.009672054201007779e-01
1.050000000000000044e+00,1.000000000000000000e+00,9.000000000000000000e+00,1.177259109929893022e+00
3.049999999999999822e+00,1.000000000000000000e+00,1.000000000000000000e+00,-1.729235011540477318e+00
3.049999999999999822e+00,1.000000000000000000e+00,3.666666666666666519e+00,-3.511743452351584249e+00
3.049999999999999822e+00,1.000000000000000000e+00,6.333333333333333037e+00,5.670768319778914934e-01
3.049999999999999822e+00,1.000000000000000000e+00,9.000000000000000000e+00,3.416577700916397564e+00
5.049999999999999822e+00,1.000000000000000000e+00,1.000000000000000000e+00,-2.975929567699675538e+00
5.049999999999999822e+00,1.000000000000000000e+00,3.666666666666666519e+00,-7.670791489123299556e+00
5.049999999999999822e+00,1.000000000000000000e+00,6.333333333333333037e+00,8.454479790585941318e-03
5.049999999999999822e+00,1.000000000000000000e+00,9.000000000000000000e+00,7.418749037993102036e+00
7.049999999999999822e+00,1.000000000000000000e+00,1.000000000000000000e+00,-4.508569032272536248e+00
7.049999999999999822e+00,1.000000000000000000e+00,3.666666666666666519e+00,-9.194189622293848174e+00
7.049999999999999822e+00,1.000000000000000000e+00,6.333333333333333037e+00,1.399874594111557347e+00
7.049999999999999822e+00,1.000000000000000000e+00,9.000000000000000000e+00,1.299614673928244279e+01
9.050000000000000711e+00,1.000000000000000000e+00,1.000000000000000000e+00,-3.841456764659652467e+00
9.050000000000000711e+00,1.000000000000000000e+00,3.666666666666666519e+00,-7.059705126449156154e+00
9.050000000000000711e+00,1.000000000000000000e+00,6.333333333333333037e+00,4.636637955168817271e+00
9.050000000000000711e+00,1.000000000000000000e+00,9.000000000000000000e+00,1.376761928720424066e+01
1.050000000000000044e+00,3.666666666666666519e+00,1.000000000000000000e+00,-5.123043109727857258e-01
1.050000000000000044e+00,3.666666666666666519e+00,3.666666666666666519e+00,2.692532293980341995e-01
1.050000000000000044e+00,3.666666666666666519e+00,6.333333333333333037e+00,2.025424450919093289e+00
1.050000000000000044e+00,3.666666666666666519e+00,9.000000000000000000e+00,6.086688399078588052e-01
3.049999999999999822e+00,3.666666666666666519e+00,1.000000000000000000e+00,-2.774312988925610401e+00
3.049999999999999822e+00,3.666666666666666519e+00,3.666666666666666519e+00,1.232869385063088519e+00
3.049999999999999822e+00,3.666666666666666519e+00,6.333333333333333037e+00,7.246830574745085407e+00
3.049999999999999822e+00,3.666666666666666519e+00,9.000000000000000000e+00,1.500499679252950580e+00
5.049999999999999822e+00,3.666666666666666519e+00,1.000000000000000000e+00,-2.911825312440051494e+00
5.049999999999999822e+00,3.666666666666666519e+00,3.666666666666666519e+00,1.850085957870276188e+00
5.049999999999999822e+00,3.666666666666666519e+00,6.333333333333333037e+00,1.229967086483851268e+01
5.049999999999999822e+00,3.666666666666666519e+00,9.000000000000000000e+00,4.590455865370086208e+00
7.049999999999999822e+00,3.666666666666666519e+00,1.000000000000000000e+00,-1.389275456473339609e+00
7.049999999999999822e+00,3.666666666666666519e+00,3.666666666666666519e+00,1.865938792903788057e+00
7.049999999999999822e+00,3.666666666666666519e+00,6.333333333333333037e+00,1.473042795069625477e+01
7.049999999999999822e+00,3.666666666666666519e+00,9.000000000000000000e+00,6.647877970145618320e+00
9.050000000000000711e+00,3.666666666666666519e+00,1.000000000000000000e+00,8.750701773841247366e-01
9.050000000000000711e+00,3.666666666666666519e+00,3.666666666666666519e+00,3.059563549771203483e+00
9.050000000000000711e+00,3.666666666666666519e+00,6.333333333333333037e+00,1.443618643514589550e+01
9.050000000000000711e+00,3.666666666666666519e+00,9.000000000000000000e+00,4.697461566415854328e+00
1.050000000000000044e+00,6.333333333333333037e+00,1.000000000000000000e+00,-1.898163443192752986e+00
1.050000000000000044e+00,6.333333333333333037e+00,3.666666666666666519e+00,4.118908209214596772e-01
1.050000000000000044e+00,6.333333333333333037e+00,6.333333333333333037e+00,1.968659079995930927e+00
1.050000000000000044e+00,6.333333333333333037e+00,9.000000000000000000e+00,8.001740602475428954e-01
3.049999999999999822e+00,6.333333333333333037e+00,1.000000000000000000e+00,-7.513336465242723250e+00
3.049999999999999822e+00,6.333333333333333037e+00,3.666666666666666519e+00,1.961961975600813979e+00
3.049999999999999822e+00,6.333333333333333037e+00,6.333333333333333037e+00,7.651677255200361571e+00
3.049999999999999822e+00,6.333333333333333037e+00,9.000000000000000000e+00,1.464746501798502631e+00
5.049999999999999822e+00,6.333333333333333037e+00,1.000000000000000000e+00,-1.067399237211759377e+01
5.049999999999999822e+00,6.333333333333333037e+00,3.666666666666666519e+00,3.998416823142985077e+00
5.049999999999999822e+00,6.333333333333333037e+00,6.333333333333333037e+00,1.562599138519586894e+01
5.049999999999999822e+00,6.333333333333333037e+00,9.000000000000000000e+00,2.851628171479063223e+00
7.049999999999999822e+00,6.333333333333333037e+00,1.000000000000000000e+00,-1.024324695566311760e+01
7.049999999999999822e+00,6.333333333333333037e+00,3.666666666666666519e+00,2.158611230686783511e+00
7.049999999999999822e+00,6.333333333333333037e+00,6.333333333333333037e+00,1.886626444084567922e+01
7.049999999999999822e+00,6.333333333333333037e+00,9.000000000000000000e+00,4.601710576375315220e+00
9.050000000000000711e+00,6.333333333333333037e+00,1.000000000000000000e+00,-7.860590112549127539e+00
9.050000000000000711e+00,6.333333333333333037e+00,3.666666666666666519e+00,2.663225145196427501e+00
9.050000000000000711e+00,6.333333333333333037e+00,6.333333333333333037e+00,1.842689131712536010e+01
9.050000000000000711e+00,6.333333333333333037e+00,9.000000000000000000e+00,2.731786864293873851e+00
1.050000000000000044e+00,9.000000000000000000e+00,1.000000000000000000e+00,2.502258031713036623e-01
1.050000000000000044e+00,9.000000000000000000e+00,3.666666666666666519e+00,5.372516080856333254e-01
1.050000000000000044e+00,9.000000000000000000e+00,6.333333333333333037e+00,-7.101470108450164131e-01
1.050000000000000044e+00,9.000000000000000000e+00,9.000000000000000000e+00,-1.434276131022686140e+00
3.049999999999999822e+00,9.000000000000000000e+00,1.000000000000000000e+00,9.162432087577321305e-01
3.049999999999999822e+00,9.000000000000000000e+00,3.666666666666666519e+00,1.329413683413356584e-01
3.049999999999999822e+00,9.000000000000000000e+00,6.333333333333333037e+00,-1.762556641659374757e+00
3.049999999999999822e+00,9.000000000000000000e+00,9.000000000000000000e+00,-4.245652908618263943e+00
5.049999999999999822e+00,9.000000000000000000e+00,1.000000000000000000e+00,5.110138840521292192e-01
5.049999999999999822e+00,9.000000000000000000e+00,3.666666666666666519e+00,-1.472761756384292298e+00
5.049999999999999822e+00,9.000000000000000000e+00,6.333333333333333037e+00,-1.227775786892737475e-02
5.049999999999999822e+00,9.000000000000000000e+00,9.000000000000000000e+00,-7.283561363537645938e+00
7.049999999999999822e+00,9.000000000000000000e+00,1.000000000000000000e+00,-1.508474349642751955e+00
7.049999999999999822e+00,9.000000000000000000e+00,3.666666666666666519e+00,-4.591857273341981127e+00
7.049999999999999822e+00,9.000000000000000000e+00,6.333333333333333037e+00,3.657208245105483257e+00
7.049999999999999822e+00,9.000000000000000000e+00,9.000000000000000000e+00,-6.605043968233411000e+00
9.050000000000000711e+00,9.000000000000000000e+00,1.000000000000000000e+00,-2.819157995152374863e+00
9.050000000000000711e+00,9.000000000000000000e+00,3.666666666666666519e+00,-5.735841423940304828e+00
9.050000000000000711e+00,9.000000000000000000e+00,6.333333333333333037e+00,4.596349125394346480e+00
9.050000000000000711e+00,9.000000000000000000e+00,9.000000000000000000e+00,-5.424650785086565286e+00
