1.050000000000000044e+00,1.000000000000000000e+00,1.000000000000000000e+00,-5.285991446684483730e-01
1.050000000000000044e+00,1.000000000000000000e+00,3.666666666666666519e+00,-3.305170141102256043e-01
1.050000000000000044e+00,1.000000000000000000e+00,6.333333333333333037e+00,9.754328597692678293e-02
1.050000000000000044e+00,1.000000000000000000e+00,9.000000000000000000e+00,8.145458461401501316e-01
3.049999999999999822e+00,1.000000000000000000e+00,1.000000000000000000e+00,-1.191295367336834055e+00
3.049999999999999822e+00,1.000000000000000000e+00,3.666666666666666519e+00,-2.549060554360154107e+00
3.049999999999999822e+00,1.000000000000000000e+00,6.333333333333333037e+00,3.783550946734454135e-01
3.049999999999999822e+00,1.000000000000000000e+00,9.000000000000000000e+00,2.482387816063371222e+00
5.049999999999999822e+00,1.000000000000000000e+00,1.000000000000000000e+00,-2.080910053063867782e+00
5.049999999999999822e+00,1.000000000000000000e+00,3.666666666666666519e+00,-5.447319442885961926e+00
5.049999999999999822e+00,1.000000000000000000e+00,6.333333333333333037e+00,1.671453039815113534e-02
5.049999999999999822e+00,1.000000000000000000e+00,9.000000000000000000e+00,5.230902829312177538e+00
7.049999999999999822e+00,1.000000000000000000e+00,1.000000000000000000e+00,-3.221815378805649832e+00
7.049999999999999822e+00,1.000000000000000000e+00,3.666666666666666519e+00,-6.457173569902844967e+00
7.049999999999999822e+00,1.000000000000000000e+00,6.333333333333333037e+00,9.846374066481218268e-01
7.049999999999999822e+00,1.000000000000000000e+00,9.000000000000000000e+00,9.173091278035514051e+00
9.050000000000000711e+00,1.000000000000000000e+00,1.000000000000000000e+00,-2.688724845007862907e+00
9.050000000000000711e+00,1.000000000000000000e+00,3.666666666666666519e+00,-5.031082676360036032e+00
9.050000000000000711e+00,1.000000000000000000e+00,6.333333333333333037e+00,3.226633464664856454e+00
9.050000000000000711e+00,1.000000000000000000e+00,9.000000000000000000e+00,9.764254392035281782e+00
1.050000000000000044e+00,3.666666666666666519e+00,1.000000000000000000e+00,-2.728808213117625003e-01
1.050000000000000044e+00,3.666666666666666519e+00,3.666666666666666519e+00,1.753707610272518813e-01
1.050000000000000044e+00,3.666666666666666519e+00,6.333333333333333037e+00,1.450738055400611959e+00
1.050000000000000044e+00,3.666666666666666519e+00,9.000000000000000000e+00,3.439953662099704546e-01
3.049999999999999822e+00,3.666666666666666519e+00,1.000000000000000000e+00,-1.967128427841864591e+00
3.049999999999999822e+00,3.666666666666666519e+00,3.666666666666666519e+00,8.449067978670937729e-01
3.049999999999999822e+00,3.666666666666666519e+00,6.333333333333333037e+00,5.089751722218148089e+00
3.049999999999999822e+00,3.666666666666666519e+00,9.000000000000000000e+00,9.914811135781219642e-01
5.049999999999999822e+00,3.666666666666666519e+00,1.000000000000000000e+00,-2.027031318158072803e+00
5.049999999999999822e+00,3.666666666666666519e+00,3.666666666666666519e+00,1.346978810932726534e+00
5.049999999999999822e+00,3.666666666666666519e+00,6.333333333333333037e+00,8.722050478763074821e+00
5.049999999999999822e+00,3.666666666666666519e+00,9.000000000000000000e+00,3.272018323380663674e+00
7.049999999999999822e+00,3.666666666666666519e+00,1.000000000000000000e+00,-9.933641174926619577e-01
7.049999999999999822e+00,3.666666666666666519e+00,3.666666666666666519e+00,1.334766899373333704e+00
7.049999999999999822e+00,3.666666666666666519e+00,6.333333333333333037e+00,1.046266443406205937e+01
7.049999999999999822e+00,3.666666666666666519e+00,9.000000000000000000e+00,4.708499039911495210e+00
9.050000000000000711e+00,3.666666666666666519e+00,1.000000000000000000e+00,5.676281073683371314e-01
9.050000000000000711e+00,3.666666666666666519e+00,3.666666666666666519e+00,2.135528591339560744e+00
9.050000000000000711e+00,3.666666666666666519e+00,6.333333333333333037e+00,1.022691355846724370e+01
9.050000000000000711e+00,3.666666666666666519e+00,9.000000000000000000e+00,3.296832585662590631e+00
1.050000000000000044e+00,6.333333333333333037e+00,1.000000000000000000e+00,-1.296693554287641659e+00
1.050000000000000044e+00,6.333333333333333037e+00,3.666666666666666519e+00,2.760868587410729713e-01
1.050000000000000044e+00,6.333333333333333037e+00,6.333333333333333037e+00,1.428219278140596460e+00
1.050000000000000044e+00,6.333333333333333037e+00,9.000000000000000000e+00,6.339327824482685614e-01
3.049999999999999822e+00,6.333333333333333037e+00,1.000000000000000000e+00,-5.411752256447633691e+00
3.049999999999999822e+00,6.333333333333333037e+00,3.666666666666666519e+00,1.412647685632513861e+00
3.049999999999999822e+00,6.333333333333333037e+00,6.333333333333333037e+00,5.376141109221976855e+00
3.049999999999999822e+00,6.333333333333333037e+00,9.000000000000000000e+00,1.107684618159485268e+00
5.049999999999999822e+00,6.333333333333333037e+00,1.000000000000000000e+00,-7.562583011757473272e+00
5.049999999999999822e+00,6.333333333333333037e+00,3.666666666666666519e+00,2.824770557571265162e+00
5.049999999999999822e+00,6.333333333333333037e+00,6.333333333333333037e+00,1.100138000037378028e+01
5.049999999999999822e+00,6.333333333333333037e+00,9.000000000000000000e+00,1.997636215788309633e+00
7.049999999999999822e+00,6.333333333333333037e+00,1.000000000000000000e+00,-7.341562691841981625e+00
7.049999999999999822e+00,6.333333333333333037e+00,3.666666666666666519e+00,1.561110799442672059e+00
7.049999999999999822e+00,6.333333333333333037e+00,6.333333333333333037e+00,1.335585256134089960e+01
7.049999999999999822e+00,6.333333333333333037e+00,9.000000000000000000e+00,3.281132161864865893e+00
9.050000000000000711e+00,6.333333333333333037e+00,1.000000000000000000e+00,-5.652916195829177148e+00
9.050000000000000711e+00,6.333333333333333037e+00,3.666666666666666519e+00,1.921775536657160277e+00
9.050000000000000711e+00,6.333333333333333037e+00,6.333333333333333037e+00,1.299910521822953768e+01
9.050000000000000711e+00,6.333333333333333037e+00,9.000000000000000000e+00,2.001631793455242114e+00
1.050000000000000044e+00,9.000000000000000000e+00,1.000000000000000000e+00,1.750423262334660501e-01
1.050000000000000044e+00,9.000000000000000000e+00,3.666666666666666519e+00,3.957418608591354303e-01
1.050000000000000044e+00,9.000000000000000000e+00,6.333333333333333037e+00,-5.004661838434476540e-01
1.050000000000000044e+00,9.000000000000000000e+00,9.000000000000000000e+00,-9.650696921011241436e-01
3.049999999999999822e+00,9.000000000000000000e+00,1.000000000000000000e+00,6.984053342967746492e-01
3.049999999999999822e+00,9.000000000000000000e+00,3.666666666666666519e+00,7.562218700416319106e-02
3.049999999999999822e+00,9.000000000000000000e+00,6.333333333333333037e+00,-1.175227838542049374e+00
3.049999999999999822e+00,9.000000000000000000e+00,9.000000000000000000e+00,-3.014170551116751362e+00
5.049999999999999822e+00,9.000000000000000000e+00,1.000000000000000000e+00,3.411361645142658716e-01
5.049999999999999822e+00,9.000000000000000000e+00,3.666666666666666519e+00,-1.059909205499781848e+00
5.049999999999999822e+00,9.000000000000000000e+00,6.333333333333333037e+00,-2.625678267691144985e-02
5.049999999999999822e+00,9.000000000000000000e+00,9.000000000000000000e+00,-5.149014515700402583e+00
7.049999999999999822e+00,9.000000000000000000e+00,1.000000000000000000e+00,-1.069327680933822133e+00
7.049999999999999822e+00,9.000000000000000000e+00,3.666666666666666519e+00,-3.181529796185072811e+00
7.049999999999999822e+00,9.000000000000000000e+00,6.333333333333333037e+00,2.664688824901923159e+00
7.049999999999999822e+00,9.000000000000000000e+00,9.000000000000000000e+00,-4.590433671664470694e+00
9.050000000000000711e+00,9.000000000000000000e+00,1.000000000000000000e+00,-1.966930597053281993e+00
9.050000000000000711e+00,9.000000000000000000e+00,3.666666666666666519e+00,-4.146890511098646925e+00
9.050000000000000711e+00,9.000000000000000000e+00,6.333333333333333037e+00,3.247304487987904942e+00
9.050000000000000711e+00,9.000000000000000000e+00,9.000000000000000000e+00,-3.784541461993206735e+00
