1.050000000000000044e+00,1.000000000000000000e+00,1.000000000000000000e+00,-7.112660263083443457e-01
1.050000000000000044e+00,1.000000000000000000e+00,3.666666666666666519e+00,-5.083482270075463383e-01
1.050000000000000044e+00,1.000000000000000000e+00,6.333333333333333037e+00,1.271158957670186218e-01
1.050000000000000044e+00,1.000000000000000000e+00,9.000000000000000000e+00,1.159357056224977756e+00
3.049999999999999822e+00,1.000000000000000000e+00,1.000000000000000000e+00,-1.697776575951841727e+00
3.049999999999999822e+00,1.000000000000000000e+00,3.666666666666666519e+00,-3.577626397766475730e+00
3.049999999999999822e+00,1.000000000000000000e+00,6.333333333333333037e+00,5.444480533059856686e-01
3.049999999999999822e+00,1.000000000000000000e+00,9.000000000000000000e+00,3.483080256211040115e+00
5.049999999999999822e+00,1.000000000000000000e+00,1.000000000000000000e+00,-2.952539643109552081e+00
5.049999999999999822e+00,1.000000000000000000e+00,3.666666666666666519e+00,-7.694042252982120189e+00
5.049999999999999822e+00,1.000000000000000000e+00,6.333333333333333037e+00,1.919079019740905709e-02
5.049999999999999822e+00,1.000000000000000000e+00,9.000000000000000000e+00,7.403804114619181753e+00
7.049999999999999822e+00,1.000000000000000000e+00,1.000000000000000000e+00,-4.542344674910606450e+00
7.049999999999999822e+00,1.000000000000000000e+00,3.666666666666666519e+00,-9.150089362757730882e+00
7.049999999999999822e+00,1.000000000000000000e+00,6.333333333333333037e+00,1.394651182452629756e+00
7.049999999999999822e+00,1.000000000000000000e+00,9.000000000000000000e+00,1.297957452867590078e+01
9.050000000000000711e+00,1.000000000000000000e+00,1.000000000000000000e+00,-3.813861481741740000e+00
9.050000000000000711e+00,1.000000000000000000e+00,3.666666666666666519e+00,-7.098822434719560093e+00
9.050000000000000711e+00,1.000000000000000000e+00,6.333333333333333037e+00,4.584673279826875003e+00
9.050000000000000711e+00,1.000000000000000000e+00,9.000000000000000000e+00,1.379669672046270001e+01
1.050000000000000044e+00,3.666666666666666519e+00,1.000000000000000000e+00,-4.229312799645889576e-01
1.050000000000000044e+00,3.666666666666666519e+00,3.666666666666666519e+00,2.542332060615589695e-01
1.050000000000000044e+00,3.666666666666666519e+00,6.333333333333333037e+00,2.043971142293774523e+00
1.050000000000000044e+00,3.666666666666666519e+00,9.000000000000000000e+00,5.222703419220335874e-01
3.049999999999999822e+00,3.666666666666666519e+00,1.000000000000000000e+00,-2.779705889164256316e+00
3.049999999999999822e+00,3.666666666666666519e+00,3.666666666666666519e+00,1.206005880434783073e+00
3.049999999999999822e+00,3.666666666666666519e+00,6.333333333333333037e+00,7.212299255450975721e+00
3.049999999999999822e+00,3.666666666666666519e+00,9.000000000000000000e+00,1.430967294463072026e+00
5.049999999999999822e+00,3.666666666666666519e+00,1.000000000000000000e+00,-2.879885206541125786e+00
5.049999999999999822e+00,3.666666666666666519e+00,3.666666666666666519e+00,1.888856442214920772e+00
5.049999999999999822e+00,3.666666666666666519e+00,6.333333333333333037e+00,1.232454066871166987e+01
5.049999999999999822e+00,3.666666666666666519e+00,9.000000000000000000e+00,4.616531717610000918e+00
7.049999999999999822e+00,3.666666666666666519e+00,1.000000000000000000e+00,-1.400273477757666640e+00
7.049999999999999822e+00,3.666666666666666519e+00,3.666666666666666519e+00,1.881287718535811893e+00
7.049999999999999822e+00,3.666666666666666519e+00,6.333333333333333037e+00,1.477710689104113051e+01
7.049999999999999822e+00,3.666666666666666519e+00,9.000000000000000000e+00,6.655617416866484781e+00
9.050000000000000711e+00,3.666666666666666519e+00,1.000000000000000000e+00,8.239302283100325974e-01
9.050000000000000711e+00,3.666666666666666519e+00,3.666666666666666519e+00,3.031654007596360501e+00
9.050000000000000711e+00,3.666666666666666519e+00,6.333333333333333037e+00,1.445517467084822094e+01
9.050000000000000711e+00,3.666666666666666519e+00,9.000000000000000000e+00,4.672687224102612724e+00
1.050000000000000044e+00,6.333333333333333037e+00,1.000000000000000000e+00,-1.852652754998392659e+00
1.050000000000000044e+00,6.333333333333333037e+00,3.666666666666666519e+00,3.967268870804748770e-01
1.050000000000000044e+00,6.333333333333333037e+00,6.333333333333333037e+00,2.004826172826934982e+00
1.050000000000000044e+00,6.333333333333333037e+00,9.000000000000000000e+00,8.682983385652003339e-01
3.049999999999999822e+00,6.333333333333333037e+00,1.000000000000000000e+00,-7.612357557781059825e+00
3.049999999999999822e+00,6.333333333333333037e+00,3.666666666666666519e+00,1.987293043855836938e+00
3.049999999999999822e+00,6.333333333333333037e+00,6.333333333333333037e+00,7.617265489819292412e+00
3.049999999999999822e+00,6.333333333333333037e+00,9.000000000000000000e+00,1.536698935816993128e+00
5.049999999999999822e+00,6.333333333333333037e+00,1.000000000000000000e+00,-1.068892299521723288e+01
5.049999999999999822e+00,6.333333333333333037e+00,3.666666666666666519e+00,3.995879731059473361e+00
5.049999999999999822e+00,6.333333333333333037e+00,6.333333333333333037e+00,1.557812691433507624e+01
5.049999999999999822e+00,6.333333333333333037e+00,9.000000000000000000e+00,2.832858769791932296e+00
7.049999999999999822e+00,6.333333333333333037e+00,1.000000000000000000e+00,-1.034174026378724776e+01
7.049999999999999822e+00,6.333333333333333037e+00,3.666666666666666519e+00,2.193353390965393057e+00
7.049999999999999822e+00,6.333333333333333037e+00,6.333333333333333037e+00,1.888165348040596569e+01
7.049999999999999822e+00,6.333333333333333037e+00,9.000000000000000000e+00,4.628941984627338968e+00
9.050000000000000711e+00,6.333333333333333037e+00,1.000000000000000000e+00,-7.955229735666887514e+00
9.050000000000000711e+00,6.333333333333333037e+00,3.666666666666666519e+00,2.701816121858666264e+00
9.050000000000000711e+00,6.333333333333333037e+00,6.333333333333333037e+00,1.839621672882804049e+01
9.050000000000000711e+00,6.333333333333333037e+00,9.000000000000000000e+00,2.801753641250582572e+00
1.050000000000000044e+00,9.000000000000000000e+00,1.000000000000000000e+00,2.483317671544905125e-01
1.050000000000000044e+00,9.000000000000000000e+00,3.666666666666666519e+00,5.530992136640400236e-01
1.050000000000000044e+00,9.000000000000000000e+00,6.333333333333333037e+00,-7.084634276805967801e-01
1.050000000000000044e+00,9.000000000000000000e+00,9.000000000000000000e+00,-1.385159444783663263e+00
3.049999999999999822e+00,9.000000000000000000e+00,1.000000000000000000e+00,9.667667569257933913e-01
3.049999999999999822e+00,9.000000000000000000e+00,3.666666666666666519e+00,1.145598122911226091e-01
3.049999999999999822e+00,9.000000000000000000e+00,6.333333333333333037e+00,-1.691468726658692523e+00
3.049999999999999822e+00,9.000000000000000000e+00,9.000000000000000000e+00,-4.257693497486651601e+00
5.049999999999999822e+00,9.000000000000000000e+00,1.000000000000000000e+00,4.908086658726591445e-01
5.049999999999999822e+00,9.000000000000000000e+00,3.666666666666666519e+00,-1.491271136872531988e+00
5.049999999999999822e+00,9.000000000000000000e+00,6.333333333333333037e+00,-2.985285469895551658e-02
5.049999999999999822e+00,9.000000000000000000e+00,9.000000000000000000e+00,-7.282320247892240417e+00
7.049999999999999822e+00,9.000000000000000000e+00,1.000000000000000000e+00,-1.511149588698217583e+00
7.049999999999999822e+00,9.000000000000000000e+00,3.666666666666666519e+00,-4.526453653306167446e+00
7.049999999999999822e+00,9.000000000000000000e+00,6.333333333333333037e+00,3.735860319681964192e+00
7.049999999999999822e+00,9.000000000000000000e+00,9.000000000000000000e+00,-6.525006259924731822e+00
9.050000000000000711e+00,9.000000000000000000e+00,1.000000000000000000e+00,-2.792642856597140621e+00
9.050000000000000711e+00,9.000000000000000000e+00,3.666666666666666519e+00,-5.826879568360058492e+00
9.050000000000000711e+00,9.000000000000000000e+00,6.333333333333333037e+00,4.593543978115051551e+00
9.050000000000000711e+00,9.000000000000000000e+00,9.000000000000000000e+00,-5.373384891376130845e+00
