1.050000000000000044e+00,1.000000000000000000e+00,1.000000000000000000e+00,-4.063183995348220168e-01
1.050000000000000044e+00,1.000000000000000000e+00,3.666666666666666519e+00,-1.584895681805131407e+00
1.050000000000000044e+00,1.000000000000000000e+00,6.333333333333333037e+00,-8.345451050364619539e-01
1.050000000000000044e+00,1.000000000000000000e+00,9.000000000000000000e+00,5.262961762127646437e-02
3.049999999999999822e+00,1.000000000000000000e+00,1.000000000000000000e+00,-7.503912875604321631e-01
3.049999999999999822e+00,1.000000000000000000e+00,3.666666666666666519e+00,-2.586672003945700293e+00
3.049999999999999822e+00,1.000000000000000000e+00,6.333333333333333037e+00,4.991776043044397482e-01
3.049999999999999822e+00,1.000000000000000000e+00,9.000000000000000000e+00,1.482439156951280923e+00
5.049999999999999822e+00,1.000000000000000000e+00,1.000000000000000000e+00,1.912857883235997147e-01
5.049999999999999822e+00,1.000000000000000000e+00,3.666666666666666519e+00,-9.480225793409846613e-01
5.049999999999999822e+00,1.000000000000000000e+00,6.333333333333333037e+00,2.747749244343176578e+00
5.049999999999999822e+00,1.000000000000000000e+00,9.000000000000000000e+00,3.475697431480347710e+00
7.049999999999999822e+00,1.000000000000000000e+00,1.000000000000000000e+00,1.005075548606635838e+00
7.049999999999999822e+00,1.000000000000000000e+00,3.666666666666666519e+00,2.917374560983511111e-01
7.049999999999999822e+00,1.000000000000000000e+00,6.333333333333333037e+00,3.209898781100438470e+00
7.049999999999999822e+00,1.000000000000000000e+00,9.000000000000000000e+00,5.330912736444386901e+00
9.050000000000000711e+00,1.000000000000000000e+00,1.000000000000000000e+00,2.551875357062849403e-01
9.050000000000000711e+00,1.000000000000000000e+00,3.666666666666666519e+00,-2.124275521788382970e-01
9.050000000000000711e+00,1.000000000000000000e+00,6.333333333333333037e+00,8.906393347471797117e-01
9.050000000000000711e+00,1.000000000000000000e+00,9.000000000000000000e+00,4.049913841146222993e+00
1.050000000000000044e+00,3.666666666666666519e+00,1.000000000000000000e+00,5.665790557064160904e-01
1.050000000000000044e+00,3.666666666666666519e+00,3.666666666666666519e+00,-1.040635384081983084e+00
1.050000000000000044e+00,3.666666666666666519e+00,6.333333333333333037e+00,2.737842607324328381e-01
1.050000000000000044e+00,3.666666666666666519e+00,9.000000000000000000e+00,2.727572535022933509e-01
3.049999999999999822e+00,3.666666666666666519e+00,1.000000000000000000e+00,6.291830995691236605e-01
3.049999999999999822e+00,3.666666666666666519e+00,3.666666666666666519e+00,-1.595232398173056065e+00
3.049999999999999822e+00,3.666666666666666519e+00,6.333333333333333037e+00,2.199307002146364098e+00
3.049999999999999822e+00,3.666666666666666519e+00,9.000000000000000000e+00,3.273208893995085411e+00
5.049999999999999822e+00,3.666666666666666519e+00,1.000000000000000000e+00,1.168805678083587374e+00
5.049999999999999822e+00,3.666666666666666519e+00,3.666666666666666519e+00,-7.648152479028330619e-02
5.049999999999999822e+00,3.666666666666666519e+00,6.333333333333333037e+00,2.916103996785780250e+00
5.049999999999999822e+00,3.666666666666666519e+00,9.000000000000000000e+00,4.393998440742222122e+00
7.049999999999999822e+00,3.666666666666666519e+00,1.000000000000000000e+00,1.085984617518049866e+00
7.049999999999999822e+00,3.666666666666666519e+00,3.666666666666666519e+00,6.366531546076746872e-01
7.049999999999999822e+00,3.666666666666666519e+00,6.333333333333333037e+00,1.717476050524912257e+00
7.049999999999999822e+00,3.666666666666666519e+00,9.000000000000000000e+00,2.523681579903471750e+00
9.050000000000000711e+00,3.666666666666666519e+00,1.000000000000000000e+00,-4.920913683415051865e-01
9.050000000000000711e+00,3.666666666666666519e+00,3.666666666666666519e+00,-4.971656994425612264e-01
9.050000000000000711e+00,3.666666666666666519e+00,6.333333333333333037e+00,-6.586627248622912711e-01
9.050000000000000711e+00,3.666666666666666519e+00,9.000000000000000000e+00,-4.816727888433218752e-01
1.050000000000000044e+00,6.333333333333333037e+00,1.000000000000000000e+00,1.656397685346820969e-01
1.050000000000000044e+00,6.333333333333333037e+00,3.666666666666666519e+00,-7.654930155556507465e-01
1.050000000000000044e+00,6.333333333333333037e+00,6.333333333333333037e+00,8.721546039370492442e-01
1.050000000000000044e+00,6.333333333333333037e+00,9.000000000000000000e+00,5.544819669629371672e-01
3.049999999999999822e+00,6.333333333333333037e+00,1.000000000000000000e+00,-5.564503479032906208e-01
3.049999999999999822e+00,6.333333333333333037e+00,3.666666666666666519e+00,-1.703456179492403688e+00
3.049999999999999822e+00,6.333333333333333037e+00,6.333333333333333037e+00,9.844201001152490527e-01
3.049999999999999822e+00,6.333333333333333037e+00,9.000000000000000000e+00,2.655307274848441423e+00
5.049999999999999822e+00,6.333333333333333037e+00,1.000000000000000000e+00,-4.732114103831255303e-01
5.049999999999999822e+00,6.333333333333333037e+00,3.666666666666666519e+00,-1.089363063488826944e+00
5.049999999999999822e+00,6.333333333333333037e+00,6.333333333333333037e+00,4.235447588517887163e-01
5.049999999999999822e+00,6.333333333333333037e+00,9.000000000000000000e+00,2.003264422847871984e+00
7.049999999999999822e+00,6.333333333333333037e+00,1.000000000000000000e+00,2.254144506665820280e-01
7.049999999999999822e+00,6.333333333333333037e+00,3.666666666666666519e+00,4.388906467660677047e-01
7.049999999999999822e+00,6.333333333333333037e+00,6.333333333333333037e+00,2.366609527907850841e-01
7.049999999999999822e+00,6.333333333333333037e+00,9.000000000000000000e+00,-1.986266198525142634e+00
9.050000000000000711e+00,6.333333333333333037e+00,1.000000000000000000e+00,1.608823299603289181e-01
9.050000000000000711e+00,6.333333333333333037e+00,3.666666666666666519e+00,1.902539971303360000e-01
9.050000000000000711e+00,6.333333333333333037e+00,6.333333333333333037e+00,-6.086924159055767669e-01
9.050000000000000711e+00,6.333333333333333037e+00,9.000000000000000000e+00,-3.809712671444573040e+00
1.050000000000000044e+00,9.000000000000000000e+00,1.000000000000000000e+00,-1.841855301557682179e-01
1.050000000000000044e+00,9.000000000000000000e+00,3.666666666666666519e+00,-8.413301542729929583e-01
1.050000000000000044e+00,9.000000000000000000e+00,6.333333333333333037e+00,-3.913576805593326768e-01
1.050000000000000044e+00,9.000000000000000000e+00,9.000000000000000000e+00,-1.374923311442176888e-01
3.049999999999999822e+00,9.000000000000000000e+00,1.000000000000000000e+00,-1.360759567274486770e+00
3.049999999999999822e+00,9.000000000000000000e+00,3.666666666666666519e+00,-1.737193836874356689e+00
3.049999999999999822e+00,9.000000000000000000e+00,6.333333333333333037e+00,-1.692998611617597238e+00
3.049999999999999822e+00,9.000000000000000000e+00,9.000000000000000000e+00,-3.871702595681422721e-01
5.049999999999999822e+00,9.000000000000000000e+00,1.000000000000000000e+00,-1.962536467761317516e+00
5.049999999999999822e+00,9.000000000000000000e+00,3.666666666666666519e+00,-2.059202206574985095e+00
5.049999999999999822e+00,9.000000000000000000e+00,6.333333333333333037e+00,-1.898511981949019267e+00
5.049999999999999822e+00,9.000000000000000000e+00,9.000000000000000000e+00,-1.460505339346598541e+00
7.049999999999999822e+00,9.000000000000000000e+00,1.000000000000000000e+00,-9.314826814739649574e-01
7.049999999999999822e+00,9.000000000000000000e+00,3.666666666666666519e+00,-2.210153853479957520e-01
7.049999999999999822e+00,9.000000000000000000e+00,6.333333333333333037e+00,-6.611554546293665346e-01
7.049999999999999822e+00,9.000000000000000000e+00,9.000000000000000000e+00,-3.618839339169872105e+00
9.050000000000000711e+00,9.000000000000000000e+00,1.000000000000000000e+00,4.138231438489647918e-01
9.050000000000000711e+00,9.000000000000000000e+00,3.666666666666666519e+00,1.872895477544009590e-01
9.050000000000000711e+00,9.000000000000000000e+00,6.333333333333333037e+00,-3.491960336139670051e-01
9.050000000000000711e+00,9.000000000000000000e+00,9.000000000000000000e+00,-3.628797463912403209e+00
